"Condition"	"FZ"	"FCZ"	"CZ"	"CPZ"	"PZ"	"F3"	"F4"	"FC3"	"FC4"	"C3"	"C4"	"CP3"	"CP4"	"P3"	"P4"	"F1"	"F2"	"C1"	"C2"	"P1"	"P2"	"Subject"
"1"	"Correct"	5.08428915801615	8.93830916430743	12.7371684806543	13.1468383139352	11.5061017196183	4.99999943378421	5.66520976197966	8.40304982698962	8.80050437244416	10.6947926916221	10.8665712068785	10.4707376743211	10.6460172486107	9.16044574813883	9.0214381251966	6.94747153192828	7.21237319911922	12.9493500471846	12.5465359651882	8.21671829715843	9.99813663625878	1
"2"	"Incorrect"	-1.05719355742297	1.24484117647059	6.5850268907563	9.45168011204482	9.74807254901961	-1.19911540616246	-1.23230756302521	2.25774817927171	1.38761540616246	4.60771008403361	5.3627324929972	7.03931596638655	7.50615294117647	8.37502829131653	8.27360952380952	0.0205610644257703	0.459695798319328	6.47341652661064	7.2850218487395	8.61088011204482	9.83074005602241	1
"3"	"Correct"	1.25570799822754	3.01017696909272	4.65783142793841	6.70508038107898	7.2691119530298	2.20627236069569	1.0456796831727	4.37429739669879	3.25726420737787	6.46959289908054	5.51171360363354	7.49898124515343	6.89681534286031	7.62304565193309	7.65340103024261	2.20964054503157	1.68793281267309	5.19418831283926	4.87578521103357	6.79589379638861	7.1865110667996	3
"4"	"Incorrect"	3.79282972136223	5.0514399380805	4.69446584107327	4.75562332301342	3.40189473684211	4.42536800825593	4.29450185758514	4.72012425180599	4.56715758513932	4.87041011351909	4.96511279669763	4.16213808049536	4.96436831785346	3.54484416924665	4.6880395252838	4.16951867905057	4.09147729618163	4.28492321981424	3.97984024767802	3.88840474716202	3.49383013415893	3
"5"	"Correct"	3.94495584525702	8.54543055643879	11.534927281399	12.5637078961314	11.580630800212	2.9247804981452	4.05247684154743	5.57600139904611	6.06408636989931	8.36523409644939	8.08933843137255	9.52171583465819	9.02956917859036	10.7124215898251	9.72686057233704	5.31242151563328	5.56925994700583	10.7168864758877	9.86544959194489	11.2061630630631	9.45022317965024	5
"6"	"Incorrect"	-2.21070130718954	-3.56802075163399	-1.52276617647059	-2.53223382352941	-0.562431699346405	-3.70119656862745	-1.63401617647059	-3.30836879084967	-1.93322712418301	-2.57960490196078	-0.829650980392157	-2.30135522875817	-0.0153403594771242	-0.840247058823529	0.83164362745098	-0.370176633986928	0.318408823529412	-0.682229901960784	-0.0950444444444444	-0.553017973856209	1.11609330065359	5
"7"	"Correct"	12.7906296503787	16.4867629525884	18.447467631497	17.3624455441436	13.6324828405436	11.5525578483245	11.6600936715427	14.7601255420687	13.8127912127814	16.0568245979873	15.4851304388422	15.1932623301172	14.8557965660338	11.7725188090051	12.2528354082374	10.0442473804337	9.74780745928001	14.2873214441332	14.1329555659301	9.59708619151364	9.8910083307397	6
"8"	"Incorrect"	14.6758207282913	17.8604277310924	23.6601840336134	24.4409913165266	21.0542837535014	12.2352599439776	15.0184882352941	17.6360103641457	18.0638005602241	20.7093526610644	19.4013112044818	20.0700798319328	19.1637509803922	17.5308291316527	18.1602840336134	13.1940134453782	13.5796165266106	20.6343484593838	20.6652823529412	16.7603011204482	17.2474504201681	6
"9"	"Correct"	1.65553634910486	6.22177442455243	9.73498560315431	12.1276327578858	11.5120622868713	1.31248889599318	1.98012250639386	4.38817368925831	5.74850905797101	7.70485870630861	8.82588124467178	10.3575093243819	10.1022997335891	11.3033871376812	9.94192072676897	3.64185345268542	3.61416786018755	9.36502436061381	9.83582426470588	11.6025864556692	10.2802869458653	11
"10"	"Incorrect"	1.66900896358543	3.82355154061625	5.69399495798319	7.57776582633053	6.5152162464986	0.216866666666667	0.695052941176471	0.946971988795518	1.24377731092437	2.9776675070028	3.54725742296919	4.35875406162465	4.03597142857143	4.30512773109244	3.83533417366947	4.62793725490196	3.16066554621849	5.00528207282913	4.86209775910364	5.45390504201681	5.26344089635854	11
"11"	"Correct"	0.84258778280543	2.64527615815557	4.51846243266537	5.99827544710192	5.59337821590174	0.621850409394527	0.899966569704805	2.4960733785822	2.39946101055807	4.37690091575092	4.56189420383538	4.31122446670976	5.20429248006895	4.0537152014652	4.24966473820297	0.716603307476837	0.824154460245637	3.77637686920922	3.77562525317819	3.58693107088989	3.49497610428787	12
"12"	"Incorrect"	-0.903701797385621	0.244300163398693	2.56155571895425	5.48731160130719	6.63401503267974	-1.2128045751634	0.342920424836601	-0.131320261437909	1.95732058823529	2.49410049019608	3.18303496732026	4.35396650326797	4.69185751633987	4.42048790849673	4.73016323529412	-2.22308071895425	-2.1092864379085	0.726578431372549	2.50962369281046	3.79571258169935	4.62861535947712	12
"13"	"Correct"	8.95539621443953	12.5086930409158	14.3674927008954	13.7888928369035	11.5782145075371	8.51187834070044	9.20098475575201	10.5852501983452	11.0542422872039	12.1343743737958	12.8782105519665	12.1248702368809	12.5740602742831	10.6714769579508	10.8215843363935	10.4544179530772	10.4235543919302	14.1810412444747	14.8866866598663	11.328991510824	12.0739857304772	17
"14"	"Incorrect"	-1.85173536673929	0.151012563543936	2.70259767610748	4.14016586782861	3.85476318082789	-0.477767247639797	0.331772839506173	1.23682832244009	2.15439992737836	3.37092461873638	3.88663522149601	4.45238809005084	4.62077632534495	4.3144758896151	3.9079684822077	0.157094625998548	0.649464124909223	3.81440377632534	4.55495758896151	4.31904386347131	4.59245337690632	17
"15"	"Correct"	1.9856846266166	3.83777343554443	5.28912588652482	6.54080850020859	6.3719923028786	2.75242081768878	1.39212186065916	2.74872529203171	2.74645560075094	4.46393939299124	4.2723115456821	5.2684	5.14455437004589	4.9392406654151	4.82920277430121	0.490016343345849	0.492666134751773	3.85734187526074	3.6501186691698	4.18703149770547	4.43874599499374	18
"16"	"Incorrect"	-0.605605042016807	0.391185154061625	3.86608151260504	4.26147086834734	6.99482941176471	0.822889355742297	-0.813474789915966	0.715003361344538	0.33633025210084	4.81849551820728	1.77212296918767	5.80651456582633	3.86110336134454	6.10140616246499	4.60915910364146	0.575003361344538	-0.699792156862745	3.45560056022409	3.31016694677871	6.04223753501401	5.28059971988796	18
"17"	"Correct"	3.866548266553	6.364817504973	8.46775385052572	8.5172607274794	7.83277212276215	3.12641224779767	3.21295507246377	5.21769015345269	4.99279197215118	6.53584352088662	6.30212944018187	6.93314624893436	7.04785799943166	6.45647668371697	6.69291771810173	2.21456636828644	2.19638573458369	6.40167216538789	6.11152439613527	5.53557780619494	6.19567958226769	19
"18"	"Incorrect"	3.90698951994591	5.49399503042596	7.56549492900608	7.52039536849222	6.7852138607167	3.1255576402975	3.12466379310345	4.72726544962813	4.78172437457742	5.64195094658553	5.9806375591616	6.10107346179851	6.48440682893847	5.68201784989858	6.08575949966193	1.95087653820149	1.92634607843137	5.21081771467208	5.35549486139283	4.94387275185936	5.23241521298174	19
"19"	"Correct"	9.34634997321333	13.9845640094289	16.9606278688525	18.6135805207329	17.7956859423551	6.39001783992285	8.14722262937962	9.71838897460624	11.733833376192	12.248027300975	14.3241669238187	14.0348723561556	15.4405978784957	14.3698135969142	14.3326971177542	9.40137957784207	9.62937892424729	15.8926538412086	16.0646633344048	16.635870534662	16.357483167256	20
"20"	"Incorrect"	-1.95592122260669	-1.19918915801615	2.20946966551326	7.8334753171857	9.72073229527105	-1.00150911188005	1.18977762399077	1.34037877739331	2.93782791234141	4.59310161476355	5.41896124567474	7.34465409457901	7.67383194925029	8.95521084198385	8.25868339100346	0.380387543252595	0.722025720876586	5.482476816609	5.61360369088812	10.3255365628604	9.63007808535179	20
"21"	"Correct"	2.71695059101655	3.13981397580309	3.23079477124183	1.71357528855514	-0.608659101654846	2.97002660269782	2.09144035600056	3.29490947017105	2.29810258656654	3.28591693783897	2.08130752329301	2.23082180503407	0.785184828257544	0.586510846891948	-1.2025768321513	4.19550803782506	3.55798664997914	3.84867356417744	3.27187758308997	-2.21871998331247	-1.05468403560006	23
"22"	"Incorrect"	-0.170886194477791	0.288882553021208	1.39517402961184	2.2759837535014	2.29836278511405	-0.246124369747899	-0.0321140856342537	1.10568371348539	0.703674549819928	1.17690444177671	1.62591336534614	2.48560792316927	2.17272036814726	2.7080118847539	1.8668481392557	1.38866602641056	1.53138283313325	2.75497707082833	2.46654173669468	2.48951016406563	2.30843033213285	23
"23"	"Correct"	2.78844027318793	4.38243100903283	5.98021392377176	7.53497062128222	7.54383013879709	2.59270564000881	2.52749480061688	3.7654068627451	4.42448346552104	5.29061987221855	6.09299272967614	5.5849650583829	7.10901369244327	5.51601065212602	7.1508975214805	3.26981304252038	3.12099758757436	5.95949098920467	6.45455995814056	5.76807358448998	6.96019196959683	28
"24"	"Incorrect"	-0.603570308123249	-0.190722408963585	2.84742492997199	5.19649215686275	6.8681649859944	2.11852408963585	-1.81686330532213	3.18508767507003	-0.0568282913165266	4.56142128851541	2.88109691876751	6.17392296918768	5.41258879551821	6.11669383753501	6.19382969187675	3.37040420168067	2.66625294117647	5.7492974789916	3.89804705882353	6.73298319327731	6.98682156862745	28
"25"	"Correct"	6.22813360500827	8.15772085991023	8.40825740609497	8.37925915426412	7.03534370422868	6.32923652256083	8.00564688164422	8.03719924403496	9.14768916843846	8.37123815261044	8.94458412473423	7.96078990077959	8.61040742971888	6.27332850224427	6.79827761634774	5.71239987006851	6.97210466572171	7.44382029293645	8.03578523505788	5.6827044885424	5.6961062248996	31
"26"	"Incorrect"	2.7305108496732	3.85664019607843	4.74483718954248	4.77324424836601	3.90081307189543	3.52889869281046	4.94822620915033	4.00787	5.49135673202614	4.50901522875817	5.59688169934641	5.0224945751634	5.57716065359477	3.51216241830065	4.42970156862745	3.01432333333333	3.78045326797386	4.20757052287582	4.72336895424837	2.77609954248366	3.60232928104575	31
"27"	"Correct"	5.35305732843137	7.09186871323529	7.84990416666667	6.98725395833333	5.19796319852941	5.64686330882353	4.73891143382353	6.7970862377451	5.39509379901961	6.79116335784314	5.37138007352941	6.28010052696078	5.02754987745098	5.18290362745098	3.93750110294118	5.49896680147059	4.73727360294118	6.83118892156863	5.81138784313725	3.72332822303922	3.84961875	32
"28"	"Incorrect"	2.37615060690943	2.89840298786181	4.77144855275444	5.58296610644258	5.98359719887955	2.06036199813259	2.87129570494865	3.56474257703081	3.48062399626517	4.09954537815126	3.43731839402428	4.68168823529412	3.8531954248366	5.18330737628385	4.19339402427638	2.72473622782446	3.48830494864613	4.78688916900093	3.83763996265173	5.60152287581699	5.44404556489262	32
"29"	"Correct"	12.1968399610136	17.0304179910561	19.6653429652563	20.548592122463	19.0931051828919	11.4771119137714	11.7946139433551	14.9343890150212	14.1844663685357	18.1611747850017	16.3649857011811	18.7269390207545	17.2009203875702	18.1145321981424	16.0391461529641	12.1199774337805	12.2438016397202	18.2650326109391	17.733195252838	16.5834942323128	16.407777663112	35
"30"	"Incorrect"	3.44154201680672	6.56090616246499	8.04765266106443	10.2369106442577	10.3438067226891	3.92951358543417	4.91550308123249	6.40232731092437	9.45337661064426	8.38171722689076	10.3012890756303	9.70723711484594	11.6197668067227	10.7429908963585	11.117137254902	5.90807857142857	6.25114719887955	8.09157885154062	9.60390406162465	10.0475831932773	10.8680953781513	35
"31"	"Correct"	4.79445998734978	9.55999598987982	14.409804743833	17.1331670461733	16.6327123719165	6.22021634408602	4.31712853889943	9.08726914611006	8.33112896900696	13.0153414547755	12.6543262112587	14.5042978368121	14.1740832511069	14.0582541049968	13.9640442125237	5.3832944971537	5.33106824794434	14.2417098924731	13.228014459203	14.4660058823529	14.0577072106262	36
"32"	"Incorrect"	-2.7008358974359	1.49256229260935	4.75520874811463	7.67809713423831	7.33031342383107	-0.726136500754148	-1.92735490196078	1.03360045248869	1.9246209653092	5.2156173453997	4.61076968325792	6.16822775263952	6.42650331825038	5.87923755656109	5.64628959276018	-0.766381749622926	-1.65259230769231	3.9654604826546	2.50927873303167	4.80219049773756	5.39107360482655	36
"33"	"Correct"	0.699147133418585	3.25287887894288	5.21756276641091	6.2484706202046	5.68027453111679	0.848801502557545	1.83041401321398	2.38922053495311	2.97825174765558	3.36706303282182	5.48405028772379	4.3500839940324	6.12139678175618	4.46424793265132	6.15443796888321	0.51142897485081	0.859037329497016	4.12650110826939	4.69137155797101	4.36079505541347	4.87240463554987	37
"34"	"Incorrect"	-2.18573019607843	0.749693333333333	3.37181019607843	6.63525980392157	6.94753392156863	-0.758983529411765	0.560756666666667	-0.0758417647058823	2.21317274509804	2.21001666666667	4.95944666666667	4.13493666666667	6.51635352941176	5.55364960784314	7.82640333333333	0.430721764705882	0.909227843137255	4.3273037254902	5.40270254901961	7.31161784313726	8.02797588235294	37
"35"	"Correct"	-2.41215254461335	0.0964669530733641	1.50139156201807	3.56622106190791	4.72124053756334	-1.8761571491518	-1.491243842256	0.179195373430271	-0.298315708305794	2.2908497907028	2.17753209958141	3.48834802820004	3.84901006829698	4.94464811632518	5.24999142983036	-3.03026259087905	-3.68149312623926	1.00239517514871	0.90001568627451	4.52315994712492	4.34272152456488	39
"36"	"Incorrect"	-1.48473930905696	-0.162189803921569	1.1409499719888	2.71634733893557	3.66330700280112	-1.70210052287582	-1.31849172735761	0.284407189542484	-0.271163436041083	1.35679234360411	1.33704618113912	2.85788145658263	2.90436069094304	3.98363157796452	3.76040595704949	-3.04338685340803	-3.06753915966387	0.737542054154995	0.636754603174603	3.10178435107376	3.13734379084967	39
"37"	"Correct"	9.34719296266452	11.756371837228	12.7517641418211	13.0723134971797	11.5151884367446	8.8905515444534	9.40870099382219	11.475129102874	12.024089524577	12.5958116169756	13.0772002417405	11.7252729384905	12.7268348374966	9.98018231265109	10.9951003894709	7.39470122213269	7.81062618855761	11.1396211522965	11.9916442788074	9.00965494225087	10.0738697824335	40
"38"	"Incorrect"	7.73023144944252	9.88295990003845	11.357030449827	11.6169758554402	10.8033332179931	8.04449730872741	7.69935605536332	10.2730388696655	9.12060065359477	11.529924413687	10.1778808535179	11.2256423298731	9.78961403306421	10.024738331411	9.47423983083429	6.31895124951942	6.36297012687428	10.3541017301038	9.72107593233372	9.7797046520569	9.39292691272587	40
"39"	"Correct"	13.129934140056	16.9009318767507	18.8846197983193	18.2390582857143	15.6651605714286	13.4557738039216	12.7755962128852	15.6377996638655	14.9318617254902	17.0741247843137	16.0046654117647	16.1661377703081	14.5212526834734	13.3249471036415	12.5759547226891	13.6798688739496	13.3530722577031	17.030002442577	14.6011279327731	11.1180444145658	10.3818605490196	41
"40"	"Incorrect"	5.57244406604747	7.67559742002064	9.210791124871	7.75650423116615	6.81768286893705	6.49759814241486	5.08397636738906	6.35916222910217	6.42972229102167	7.17551527347781	7.64352167182663	5.09784385964912	6.59048978328173	4.37408575851393	5.77179463364293	6.70460103199174	5.58687987616099	7.0797080495356	6.43621898864809	2.32691413828689	4.40496305469556	41
"41"	"Correct"	2.60567351909185	4.53712465428277	6.21608643962848	7.91968617131063	8.31462619195046	3.17226341589267	3.3385746749226	4.25805705882353	4.80282291021672	4.99087824561404	5.86591099071207	5.88000675954592	7.69955379772962	6.96482166150671	8.74511127966976	-0.253310980392157	-0.443788679050568	3.49721810113519	3.89097057791538	5.58839707946336	6.74860714138287	42
"42"	"Incorrect"	-1.9473700280112	-3.61631316526611	-1.18023137254902	0.713793277310924	0.572402801120448	-3.25011008403361	-1.07502100840336	-1.69110364145658	-0.841419607843137	-2.03711204481793	0.575252100840336	-0.785720448179272	2.86104733893557	0.177950700280112	1.44651456582633	-5.27495826330532	-3.68992521008403	-2.4069	-2.89037983193277	1.05084593837535	1.37102268907563	42
"43"	"Correct"	-2.06878422109001	0.265235232360661	2.89804670372086	6.77912161494519	9.45084522155319	-2.09578380423035	-1.24420971128609	0.996554500540374	1.71910900108075	3.9071253975606	3.77452891770882	7.78885939478153	5.94367338273892	9.41895363594257	8.12994983788791	-3.86667969739077	-3.40805718696928	3.10719126138644	3.40902487262622	9.65335025474757	9.00619255828316	44
"44"	"Incorrect"	-7.19021645353794	-8.72062489343564	-8.33546172208014	-5.03042531969309	-1.83377689684569	-6.72031082693947	-5.95118141517477	-6.18510912190963	-6.394015771526	-6.12334901960784	-6.47242566069906	-2.77547988064791	-4.7880989769821	-0.598012361466326	-2.17502063086104	-8.42751926683717	-7.7228031543052	-6.34004680306905	-6.58076606990622	-0.438373913043478	-1.48095745950554	44
"45"	"Correct"	-0.335203843582888	1.00519917557932	3.14813394607843	5.36746200980392	6.63539155525847	-0.512855949197861	0.823226604278075	0.650526002673797	2.09862234848485	2.53406482843137	3.65013189616756	4.60155379901961	5.21972547905526	5.60670668449198	6.00841460561497	2.48890306372549	3.32140748663102	5.14046683377897	5.55029328208556	8.0815699197861	8.07797313948307	45
"46"	"Incorrect"	-1.26665614973262	-1.5185367201426	1.10520962566845	4.07623440285205	5.29847540106952	-1.18636987522282	0.0930055258467023	-0.532083065953654	1.1159752228164	0.773202852049911	3.46080053475936	3.38156506238859	4.89786452762923	4.97519215686274	5.08483155080214	1.11337896613191	1.0246679144385	4.23475900178253	4.47161426024955	8.49056720142602	9.20423493761141	45
"47"	"Correct"	3.63052836743393	5.69961485507246	7.67226134910486	8.96549664322251	8.5948610400682	3.7958044970162	3.91038877877238	5.31953099957374	5.55222223998295	6.61755176896846	7.64466190323956	7.45829765558397	8.93971149829497	6.70648231031543	8.54908533674339	3.61773319479966	3.82536783887468	7.0105674658994	7.00597568201194	6.76293112745098	7.88279795396419	47
"48"	"Incorrect"	-1.76760714285714	-0.940672268907563	1.47346848739496	4.22718305322129	5.31807899159664	-1.49602773109244	-0.0196490196078431	-0.789714005602241	1.27818697478992	1.54208963585434	3.51902366946779	4.11684915966387	6.22677927170868	3.0863675070028	6.71508263305322	-2.09526274509804	-1.6632768907563	0.919677731092437	2.18118697478992	3.99960238095238	5.45664985994398	47
"49"	"Correct"	1.85550130347594	3.28840118092692	4.35241565285205	4.62970241755793	3.96529021836007	2.30107071078431	2.41188305481283	3.28003786764706	3.27723403520499	3.85182973484848	4.14075405525847	3.76408569518717	4.2561361631016	3.36472319518717	3.64904637923351	1.92986918449198	1.98348669786096	3.38299209001783	3.53147150178253	2.39898556149733	2.37250629456328	50
"50"	"Incorrect"	-0.748538057040998	1.28291657754011	3.58822272727273	5.72786274509804	5.75489928698752	-0.229292335115865	0.811630570409982	1.63864812834225	2.38982718360071	3.0963995543672	4.44312183600713	4.40819028520499	5.86869741532977	4.9173192513369	5.86086069518717	-0.487707932263815	0.165283511586453	3.11085935828877	3.59024563279857	4.38034251336898	5.1537550802139	50
"51"	"Correct"	0.209856742697079	1.71151573962918	3.66852866479925	5.12801831399226	5.13120576230492	0.681784513805522	0.308766559957316	0.707793824196345	2.03646095771642	2.94184688542083	3.48927270908363	3.98123037214886	4.40875074029612	4.31368846205149	4.21801489929305	0.424009710550887	0.44783114579165	3.61124520474857	3.51516904094971	4.7777154328398	4.86710324129652	51
"52"	"Incorrect"	-2.35981418300654	-2.10102522875817	-0.488551699346405	0.734507777777778	1.71946019607843	-1.57278620915033	-2.35859777777778	-1.54187209150327	-1.26538954248366	0.768990326797386	-0.56868862745098	2.11995797385621	0.235291437908497	1.64491026143791	1.3114739869281	-0.425637581699346	-0.437705816993464	1.83130699346405	1.20496666666667	2.36827777777778	2.10971895424837	51
"53"	"Correct"	3.25098413943355	5.38241747276688	6.68626826797386	7.63355460784314	10.3834984422658	1.32252476034858	2.85880833333333	4.38356600217865	5.87588781045752	6.99003688453159	8.87378250544662	9.3092511546841	10.6456373202614	9.13379295206972	9.82721614379085	0.810225969498911	1.27138820261438	6.46436308278867	7.71467834422658	8.55254941176471	NA	52
"54"	"Incorrect"	-1.34378737745098	-0.541116789215686	-2.75333210784314	-1.23921397058824	2.22868284313725	-3.05898345588235	0.51231862745098	-0.478928431372549	1.83858345588235	0.459655759803922	2.83189044117647	2.21608884803922	3.84605318627451	3.4909699754902	4.70635257352941	0.354063602941177	3.79121887254902	1.68159460784314	2.23112806372549	4.16206384803922	NA	52
"55"	"Correct"	1.92845985675707	6.7119705412704	8.8582906305037	9.76524455794294	10.2766052835505	2.56975942233181	1.17993929787484	5.94689392978748	3.44161741223436	7.69907776212281	6.04799632499706	9.07956496418927	8.02398484208054	9.35737739814489	8.74058681460608	1.94736885053423	1.38081320887636	8.25025925795468	7.32380113889867	9.07345632264882	8.51491206997769	60
"56"	"Incorrect"	-3.28960852941176	0.485724803921569	4.24686990196078	5.98141323529412	10.1241165686275	-2.37838176470588	-3.17923696078431	0.951667254901961	-1.26498990196078	3.93366392156863	2.06658784313725	6.47094960784314	4.65093058823529	8.86895294117647	7.70306235294118	-2.68918617647059	-3.56181058823529	4.27160980392157	3.60039382352941	9.68947049019608	9.11329411764706	60
"57"	"Correct"	0.967442201717288	4.26787661155966	6.39851522491349	7.72284381648084	7.71999777008843	0.0365544021530181	0.800370511341792	3.6640456619249	3.54778041778803	5.85109887222863	6.37391130334487	6.36227456106626	6.78317668845316	6.87683725490196	6.97186262975779	-0.465975265923363	0.235224836601307	5.04125476098936	5.34214899397668	6.49164377803409	6.76648977316417	61
"58"	"Incorrect"	-0.962805088702148	0.32646741363212	1.98999789915966	2.91672987861811	2.78860854341737	-0.667085340802988	-1.86263510737628	1.60178263305322	-0.582888515406162	3.64389150326797	2.05193520074697	3.32059953314659	2.17571279178338	2.84840084033613	2.82607558356676	-2.17577740429505	-2.54922763772176	1.41155317460317	0.673304388422035	1.71761400560224	2.50547973856209	61
"59"	"Correct"	3.38918165680473	6.01802728854856	8.7340954867154	10.8020103956375	11.0305608771319	2.5757480566191	3.86662442278687	4.69109725026105	6.66365447267664	6.42782801949182	8.60410660169393	8.070941617357	9.17884861352825	8.40653279962873	8.29493663998144	1.88857810650888	3.04866679429168	6.22124092122056	7.726422438798	8.44699863093166	8.99011445643346	62
"60"	"Incorrect"	5.65624738562092	10.0043973856209	13.3101790849673	15.0745508169935	14.8598852941176	5.49992483660131	6.26101748366013	8.55409624183006	9.29183120915033	9.0559068627451	9.87697369281046	12.056197875817	10.748089869281	14.5665330065359	12.79015	5.07954738562091	6.36907745098039	10.9112089869281	11.4053668300654	14.2912184640523	12.9537772875817	62
"61"	"Correct"	4.42429744245524	8.75158928266959	12.4445456582633	14.8452519912313	15.919860090123	1.51457130678358	3.61316805504811	5.11820987699428	7.3814865911582	9.85788973328462	10.4701120448179	12.3127452441846	12.0081191815857	13.5491487029594	13.4475719400804	2.75009131652661	4.23660758738278	11.2734332237243	11.7220106686153	14.6473612471075	14.4157404457435	63
"62"	"Incorrect"	-5.04039411764706	-6.05842801120448	-5.69440728291316	-2.75493837535014	5.1825350140056	-5.58164789915966	1.33361036414566	-4.62614453781513	-1.78871344537815	-2.78150924369748	-2.79906806722689	0.993911484593837	1.2549	7.07735238095238	5.14492212885154	-3.9012512605042	-3.03989383753501	-2.6144	-0.516522969187675	7.33846218487395	8.5919649859944	63
"63"	"Correct"	6.63216194579743	12.0101995753715	16.2939349319346	18.3663602597727	17.7273871112776	6.42894944423629	6.53107016360684	9.0642193580617	9.93238416385663	13.424368465093	13.0748460721868	15.7329792806294	14.6024005994755	16.3754657549644	14.71018977145	6.7753222180592	6.61519624078931	14.2973448982141	14.0805593855377	15.5965740477083	14.8946762208068	64
"64"	"Incorrect"	3.13033581011352	6.49580835913313	10.5046766769866	12.3953932920537	12.4480591331269	3.92350278637771	4.1944004127967	5.4496959752322	6.0264959752322	8.89207750257998	7.8619399380805	10.717807120743	10.1248015479876	12.3395847265222	11.5339005159959	3.16306811145511	3.47725552115583	9.13531764705882	8.73915655314758	11.7605263157895	11.399751496388	64
"65"	"Correct"	1.2216944971537	4.32807640733713	5.52522009276829	5.26910801180687	5.14790217162134	0.866057685009488	1.79892861058402	3.32129224119755	3.1269064516129	3.64450853889943	3.72852941176471	5.00171640312039	4.29056308243728	4.89077143158339	4.68005182374025	2.29256078431373	2.30243554712207	5.90503202614379	5.6906201771031	5.45655403752899	5.56613938435589	66
"66"	"Incorrect"	0.691235612082671	3.22734888712242	4.36283317435082	4.01242983571807	4.24552011128776	1.04878744038156	2.21989790673026	2.73701981981982	3.50835927397986	3.5806229199788	2.89022249602544	3.68273579756227	3.7597837572867	4.14125951245363	3.63531862745098	2.40768487016428	4.03480919448861	5.55328847376789	5.57437792792793	4.61891261261261	4.57525839957605	66
"67"	"Correct"	0.616047070028011	2.12329184313725	4.29580941176471	6.22462454901961	7.06490041456583	0.195359081232493	1.74280134453782	1.8889501512605	3.94345128291317	3.43893863305322	5.67886730532213	5.26924819047619	6.86557662745098	6.02811398319328	7.21683800560224	-0.4154478767507	0.421661008403361	2.56007899159664	3.24477746778711	4.59989222408964	5.24490489635854	68
"68"	"Incorrect"	-7.40467475490196	-7.08412867647059	-5.00900833333333	-1.28972941176471	-0.245487745098039	-7.04754705882353	-4.59738774509804	-5.81483088235294	-2.64238480392157	-2.9339362745098	-1.33226617647059	-0.987347058823529	1.38585833333333	-1.11812132352941	0.671044117647059	-5.60673774509804	-4.71333848039216	-4.44545416666667	-3.05705318627451	-1.42724632352941	0.46329681372549	68
"69"	"Correct"	3.21208019135365	7.77640881171746	10.8618526458776	11.5542228679424	11.1151782305693	3.79124695251595	3.22735444129459	6.96612142688401	6.17946383179778	9.38576197732105	7.81205549255847	9.97836320576423	8.68612802976612	9.66641708008505	8.39604047956532	3.34547213560123	3.01824716513111	9.57890205527994	8.28055322466336	8.83378856602882	7.98742800614222	71
"70"	"Incorrect"	-4.24831087919039	-0.342478115117015	2.85676040480708	5.19448380771663	5.08120265654649	-3.56095332068311	-4.44422087286527	-0.701891461100569	-1.44844611005693	2.29490676786844	1.17829146110057	2.99687476280835	2.95298051865908	3.57857001897533	3.08822523719165	-3.84721973434535	-4.03602586970272	2.36311872232764	1.0013587602783	3.38128368121442	2.67802966476913	71
"71"	"Correct"	7.51117166963755	11.8148763279857	14.854831657754	15.8721215686275	15.3700547355912	6.45302673796791	6.74005606654783	7.18857407011289	10.9997273559121	10.6508490552585	12.2741175282234	12.1827829590018	13.2425802733214	11.90354704694	13.7168800356506	7.64312703505645	7.61101544860368	12.2448299702911	14.1411776351753	14.0761109922757	15.0678495900178	73
"72"	"Incorrect"	-4.12054362745098	-3.33519362745098	0.996213235294118	4.09784509803922	5.50626519607843	-1.78855604575163	-1.84138937908497	-1.94604199346405	-0.408113725490196	0.91485114379085	1.9031795751634	4.36328088235294	2.48633758169935	5.24624754901961	4.72852875816993	-1.58188954248366	-1.92362761437908	3.89353921568627	2.77415539215686	6.43974346405229	6.45591388888889	73
"73"	"Correct"	-0.0727778127917834	0.987873144257703	4.71523828197946	7.93620260270775	8.86461364379085	0.258414320728291	3.53232462651727	1.10125089869281	3.78221917600373	4.03180976890756	5.62852822128852	6.82915184407096	7.34512733426704	8.06274460784314	8.0691939309057	-1.41721507936508	0.967955123716153	3.04165566059757	4.27934578664799	8.05450348972922	7.81072059990663	79
"74"	"Incorrect"	-1.734	-0.924209673202614	1.48851699346405	2.8813354248366	4.4959477124183	-2.90486888888889	-0.0148572549019608	-2.10675019607843	2.68694993464052	1.6627031372549	2.70289359477124	2.27986810457516	2.32526862745098	3.45962078431373	2.87243620915033	-3.05206575163399	-1.92224209150327	0.0591028758169934	1.4962137254902	3.96091751633987	2.72572993464052	79
"75"	"Correct"	3.24828077342048	5.28176399782135	6.77583745915033	9.00374843409586	9.31347472766885	3.14675486111111	2.57033248910675	4.98905486111111	4.6581046704793	6.64188208061002	6.46965767973856	8.06394418572985	7.27562102396514	8.10828558006536	7.82078905228758	2.99276169662309	2.54905932734205	6.31313861655773	5.45705555555556	6.54697592592593	6.81808319716776	80
"76"	"Incorrect"	-3.73014052287582	-5.25256806722689	-4.73416760037348	-3.82187478991597	-2.61765536881419	-4.69581073762838	-3.2298350140056	-4.00250532212885	-3.52739178338002	-3.14638524743231	-2.83329010270775	-3.48338403361345	-3.93941391223156	-4.59323006535948	-5.04291811391223	-3.80012903828198	-3.2300781512605	-4.37926153127918	-4.79636507936508	-5.52969038281979	-5.13234098972922	80
"77"	"Correct"	8.11764798638018	14.5930086650229	18.0232109075966	19.5443623811201	18.2556521192908	8.21402325936363	6.93931439473993	11.5500364330163	11.6802564635435	15.3215476458847	16.0527063872255	17.5741643888693	17.5518041916168	17.4056013854644	16.9496977691675	7.23231457085828	6.22771582716919	15.1875850299401	15.4551448984384	16.5129764940707	16.0748015146178	87
"78"	"Incorrect"	2.50540618401207	5.81785429864253	9.46664977375566	12.8623058823529	13.3482591251885	0.720369683257919	2.42047812971342	3.2172580693816	5.98907028657617	8.08490980392157	8.84095656108597	11.0350464555053	10.0945604826546	12.4954371040724	9.9810814479638	-0.663251583710407	0.220484012066365	5.52138702865762	5.53577360482655	9.96445761689291	8.45697360482655	87
"79"	"Correct"	6.87206338102809	8.43751411411411	9.59535924748278	9.38717562268151	8.50808547959724	7.34688009185656	7.18617783077195	7.60751513866808	8.53223063063063	9.19637505741035	9.57719765059177	9.96092289348172	9.32789118530295	7.57684946122593	8.16079551316022	9.15272252252252	9.52179233350998	9.87621724077018	9.57023630100689	6.80198048048048	7.06251784137078	88
"80"	"Incorrect"	0.169552205882353	4.54943553921569	10.3622862745098	13.1933198529412	14.3979473039216	3.09209191176471	0.565766666666667	3.50697916666667	4.59393137254902	8.8898080882353	9.68013897058824	13.2020169117647	13.064374754902	13.2305742647059	13.8478355392157	7.75313946078431	6.87892867647059	12.9354921568627	13.3715509803922	14.7059656862745	15.5491455882353	88
"81"	"Correct"	9.02453914027149	11.3032529088558	13.3619082202112	16.596707239819	18.5320740896359	10.0695017776341	8.21495435251023	11.6252346153846	10.3006045033398	14.1071483301013	12.2216693815988	17.0850795733678	13.673585380306	18.201739689722	15.2796735294118	9.6458896789485	8.752968767507	14.3525818896789	13.0487710514975	18.4776018530489	16.2415556022409	91
"82"	"Incorrect"	-0.762374183006536	-0.894949836601307	0.316774673202614	4.55789820261438	7.31236650326797	2.14929199346405	-0.270204901960784	1.93329477124183	-2.04017973856209	5.22942205882353	0.892116503267974	7.90052516339869	3.58487075163399	8.81639460784314	4.96248578431373	1.17277892156863	1.11783251633987	2.86961503267974	1.58309035947712	8.65624934640523	6.03942401960784	91
"83"	"Correct"	8.56211032679739	13.3624566339869	15.9219737581699	16.2194106372549	13.9438666993464	8.60416763071895	8.68086586601307	11.629478120915	11.5927136601307	14.4054321078431	13.1188775326797	13.9374157352941	12.6200345424837	12.8981618137255	10.7943566503268	6.54704222222222	5.98495299019608	13.3775020098039	13.1340659477124	12.8914803104575	11.4467889542484	92
"84"	"Incorrect"	2.12263738562091	5.31786862745098	7.01644509803922	9.06884	9.82044209150327	3.58921516339869	1.93945477124183	5.90737660130719	3.28447267973856	7.66777607843137	5.06734078431373	9.41350222222222	5.08965477124183	9.90971176470588	7.32314065359477	1.47330052287582	1.46854444444444	6.79627071895425	5.2688045751634	9.76902078431373	8.24794379084967	92
"85"	"Correct"	3.11236970926302	6.22119968447149	7.56406711742168	7.60565460897002	6.67609567275186	4.16700698670273	3.4174600631057	5.75562265043949	5.49078791976561	5.63250340320036	6.70973473067388	6.19531591165202	6.24143297272932	5.42691428893396	4.95396049132297	4.06392589587559	4.40322499436556	6.9572430921794	7.38884672075727	5.45821602434077	5.9913969348659	93
"86"	"Incorrect"	2.90370264375413	5.59838460013219	7.57206884776382	8.31285076007931	7.24534664022913	4.34860453844459	3.10639629874422	6.05429239920687	5.29704529632078	6.2164739810531	6.52543106411104	6.56062751707425	6.39447406917823	5.57580870235735	5.1207824630976	4.56109726812073	4.7105526107072	7.65583135051773	7.9386909451421	6.7039155540868	6.59182593082177	93
"87"	"Correct"	-1.71976527126188	-0.541023144472513	0.652737639841213	2.46684805725971	4.26403727896066	0.610074209070131	-1.35584585588837	1.41157689161554	-0.0964710092626007	1.66825709130278	1.35468937808252	2.95684782870203	3.20959350415013	3.5118646697943	4.66356477805846	0.104302020931072	-1.18196403223866	0.93352543004932	0.553903981715386	2.6782371466378	3.8277821725009	94
"88"	"Incorrect"	-2.84013893557423	-4.50992969187675	-1.29981848739496	2.27725098039216	4.25220868347339	-3.04403529411765	1.26490420168067	-1.8533106442577	-2.50153445378151	0.672914565826331	0.847770308123249	4.67721288515406	3.39037731092437	4.76850364145658	5.56135854341737	-2.54301400560224	-1.87076358543417	-0.86072268907563	-0.851164145658263	4.35316526610644	6.52006918767507	94
"89"	"Correct"	4.97002666886979	8.42969638686935	10.5568507160167	11.189485437321	10.0674820224719	4.54338823529412	6.09606666666667	6.51999288389513	7.62377156862745	8.3738521150033	8.71255301828597	8.75412282441066	9.48019719101124	7.96327088565763	9.40147600793126	4.9803411544393	5.66555256664464	8.7223710068297	8.49005490196078	6.88522526988323	7.13578130645517	95
"90"	"Incorrect"	-2.44078846597463	-0.627637254901961	1.9236416378316	1.52326389850058	-0.386978431372549	-2.38363587081892	-0.938901038062284	-1.81422825836217	0.659640830449827	0.299244290657439	1.0196493656286	0.0825723183391003	1.03929365628604	-0.427008650519031	0.0518965397923876	-1.7787324106113	-1.12227254901961	0.297127220299885	0.129755594002307	-2.69679250288351	-1.79367128027682	95
"91"	"Correct"	7.60339443684451	11.092988999088	12.9938083447332	13.3893793205654	11.7025200068399	6.22135590515276	6.6566410624715	8.41366998404013	9.98484540583675	10.0126894094847	12.1841403214774	10.1977360807114	12.5223737004104	9.31638136114911	11.8426171682627	7.43748153214774	8.05304058367533	11.8811597013224	12.7784750911993	10.1227176014592	11.5502130984952	96
"92"	"Incorrect"	5.93124817927171	10.611947805789	11.9224192343604	11.2517278244631	8.23905042016807	4.65327040149393	5.83875807656396	6.47433034547152	8.10748151260504	8.34289374416433	10.2130198879552	7.95445210084034	10.2619667600373	6.27293585434174	8.83529505135387	8.25818095238095	9.77896825396825	11.7534212885154	12.7070905695612	8.26713137254902	9.8692253968254	96
"93"	"Correct"	-0.204851012891344	4.23205451197053	9.84985649442097	16.4361748022966	17.6321616726249	0.864547058823529	4.4088750081248	4.9864658758531	8.84232411439714	11.0019083956234	12.8910671974867	14.8043308633951	15.0791638717365	14.9907149821254	15.801625306034	0.0480612284692883	1.69882151446214	10.659658574369	10.2145735348283	14.6075902827429	14.8219288159463	97
"94"	"Incorrect"	-4.04188509803922	-3.09394862745098	0.533755555555556	5.26981137254902	7.37779437908497	-2.35049071895425	-0.368167973856209	-0.142662222222222	1.17535869281046	3.61134928104575	2.12514810457516	5.49162169934641	4.49736444444444	7.51054823529412	7.86928849673203	-4.13953137254902	-3.80329098039216	1.85351411764706	-0.377178823529412	6.08744954248366	5.00802954248366	97
"95"	"Correct"	1.84048795972443	5.05373007949126	8.60387679915209	11.7544451722311	12.2579138102809	1.82071609962904	3.46474340222576	3.57520242713302	6.03201399046105	6.98529392686804	9.91962744038156	10.3226654478007	11.4212590249073	10.6801296555379	10.7926269316375	2.75335501854796	3.60638108108108	8.35202842607313	10.1568082352941	11.4513296449391	11.4223120296767	98
"96"	"Incorrect"	-7.20012598039216	-4.86004281045752	-2.5518135620915	2.28617549019608	3.90084918300654	-7.25571748366013	-3.3815772875817	-5.4736637254902	-2.33191209150327	-3.19058300653595	0.827543464052288	0.0801540849673203	2.47301421568627	1.00023300653595	3.52566503267974	-5.78315147058824	-3.76215212418301	-1.23712058823529	1.44090637254902	3.55230114379085	4.16295964052288	98
"97"	"Correct"	0.415925743944637	3.92872662053057	8.16182136101499	10.9651665743945	11.5271036678201	0.746315501730104	1.14672873125721	4.10340455594002	3.99037577854671	8.07355374855825	7.48197818915802	11.0956767704729	9.69520246828143	11.4832437716263	9.82716582468281	0.181058016147636	-0.115850726643599	7.07290036908881	7.52958420991926	10.1663844290657	9.21111034602076	99
"98"	"Incorrect"	-0.37635008912656	-0.017474064171123	2.75057941176471	7.28570258467023	10.7650312834225	-0.0090986631016043	0.586145276292335	2.06911319073084	1.79424278074866	5.77025080213904	3.38227156862745	8.62185588235294	5.20081800356506	10.4187385918004	8.00653386809269	-0.73321568627451	-0.547954901960784	3.54578422459893	2.43706720142603	8.84815846702317	7.2746449197861	99
"99"	"Correct"	-1.56751885918004	0.347527058823529	3.29378983957219	5.85580697563874	8.36604742721331	-0.416833737373737	-1.42789555555556	1.51888828282828	0.640743553178847	4.557556114082	3.45452436125966	7.11027222816399	6.19366784313725	8.71144062982769	8.13284924539513	0.730663957219251	0.16640495543672	5.5622793107546	4.8724739275104	10.1486349257279	9.96814270944741	100
"100"	"Incorrect"	-4.84568794694348	-5.81300715109573	-6.43167606689735	-4.74787058823529	-1.19126205305652	-5.11364025374856	-3.13503269896194	-5.86817064590542	-3.0255523644752	-5.34989434832757	-3.45039382929642	-3.46411482122261	-2.13241724336794	-0.678347001153403	-0.191328950403691	-2.83172779700115	-1.97564982698962	-3.42704815455594	-2.51219515570934	0.880776239907728	1.49169411764706	100
"101"	"Correct"	3.02628561403509	5.54639205366357	8.21746172342621	10.7993764809082	12.9685617234262	2.21185841073271	3.84523383900929	4.27509504643963	5.78949442724458	6.8271199380805	8.49683344685243	9.34980535603715	10.8242302992776	10.702660123839	12.4339706811146	1.98662908152735	2.75859433436533	7.3021108255934	8.29610889576883	10.9634998452012	12.1536277605779	101
"102"	"Incorrect"	-3.20670871459695	-3.13023681917211	-1.48456644880174	0.379123311546841	4.37665315904139	-3.7971788671024	-1.57972461873638	-3.80488191721133	-0.971868409586057	-2.50917254901961	0.424947058823529	0.274635729847495	2.14703376906318	3.64391786492375	5.4130825708061	-5.82093616557734	-4.42304379084967	-3.13958910675381	-1.37177494553377	3.9798734204793	4.79972701525054	101
"103"	"Correct"	6.21976666666667	8.92966486831419	11.0889421278571	11.7982751015199	9.44368197006613	5.50748572920292	5.57214582898248	8.63678885021464	7.9519993734772	10.9239308852535	9.61748532312333	11.2371248288665	9.83448154078199	9.33105362571064	8.31853510848126	6.29926764125769	6.12440034806822	9.56803521290173	8.64367375565611	6.69515566771087	6.58107659821325	103
"104"	"Incorrect"	-0.0164865196078431	1.70879117647059	2.21746323529412	3.51196691176471	5.054925	-1.38131029411765	-0.385398039215686	-0.0120406862745098	0.892113725490196	3.66276397058824	2.52650980392157	4.40712279411765	3.38739068627451	2.49182132352941	2.44370710784314	-0.775003921568628	-1.43997303921569	1.05576102941176	0.667569852941176	0.343853921568627	0.0230125000000001	103
"105"	"Correct"	-3.63139704326175	-1.95776686896981	0.985036741363212	2.91296587301587	3.67860519763461	-3.38516518829754	-2.83873675692499	-0.709782321817616	-1.23953944911298	2.04433851540616	0.225533286647993	3.92079108309991	1.94939908185496	4.4273149081855	3.16200902583256	-3.52821436352319	-3.619424291939	0.569297323373794	0.270287846249611	3.0817313881108	2.14044301276066	106
"106"	"Incorrect"	-3.98455754147813	-2.55429389140272	-0.0595059954751131	1.31149751131222	1.86106655354449	-4.04682707390649	-2.05843412518854	-1.95584687028658	-0.776793212669683	0.169305542986425	0.0194969834087481	1.5337967571644	1.31121579939668	1.60526293363499	1.81731059577677	-4.6723032428356	-4.37481681749623	-0.163178393665158	-0.20698955505279	1.20711858974359	1.42575950226244	106
"107"	"Correct"	3.61844966193374	7.16153737885959	9.96972182781158	11.1373662947938	10.1961198782961	3.32951043497859	3.52552288708587	5.57717243633085	5.83218593644354	7.63202337164751	7.08799375704305	8.9359284989858	7.69452321388325	8.44946120126211	7.23856120126211	2.46033914807302	3.0733114379085	7.9975124408384	7.3931121703854	7.9804093757043	7.45729540229885	107
"108"	"Incorrect"	0.769309494324045	3.62385273477812	8.03379370485036	10.3139895768834	9.20024416924665	0.547424045407637	1.03356904024768	3.43990247678019	1.03187801857585	3.91914530443756	4.4654907120743	5.73141031991744	6.12517750257998	6.95244602683178	6.23669535603715	0.111765325077399	0.727459545923633	4.96654375644995	4.50030288957688	6.31538544891641	6.06489566563468	107
"109"	"Correct"	-7.60556511809269	-3.34533229723708	0.0395779745989305	4.65324859625668	8.22328580659537	-4.24339243538324	-5.06259059714795	-0.79931864973262	-0.908736352495544	1.92524396167558	1.81926095142602	4.44029762700535	3.78165738636364	6.23432180258467	5.60093450311943	-4.05274406194296	-4.19040437834225	1.47664320409982	1.35242948975045	7.07054149955437	6.63361428253119	108
"110"	"Incorrect"	-10.3138448179272	-6.85998221288515	-2.49050980392157	3.6207431372549	6.57552058823529	-6.94739845938375	-6.69015238095238	-3.71697787114846	-2.23466666666667	-0.49480756302521	1.3988012605042	2.46569425770308	3.61909201680672	5.18778893557423	5.72072913165266	-6.01365588235294	-5.50057661064426	0.252635154061625	0.293013585434174	5.53193207282913	5.94140518207283	108
"111"	"Correct"	6.95219463601533	9.00265112688754	9.5298239688979	8.83007596348884	7.65258722109533	6.6638962474645	5.68013110209601	7.56506933739013	6.08207306738788	7.46733039215686	7.19279798287131	6.92554168356998	6.32139550371873	6.98404429794906	6.18019632634663	8.16308387423935	7.47042796934866	9.44558585756142	7.16460363984674	6.18790432724814	5.43287659454586	109
"112"	"Incorrect"	-0.906479411764706	-0.881224509803922	-0.815973039215686	0.514564950980392	-2.00033210784314	0.0526218137254902	0.864987009803922	-0.0293382352941177	0.323418382352941	0.284692647058824	-0.597291176470588	0.993209803921569	0.443792156862745	2.30071299019608	2.78271323529412	1.91452843137255	1.98798946078431	0.576084558823529	1.15629044117647	3.07111764705882	3.32042941176471	109
"113"	"Correct"	1.86656437213183	4.1272813308302	6.43190765540259	9.01456161869003	10.6829243012098	1.5038755527743	2.9461211514393	3.49157855652899	4.83672144347101	5.66789255319149	7.57717321652065	7.52215667501043	9.77807980809345	10.005481268252	10.8990713808928	0.460939966624948	0.977474885273258	5.11323986232791	5.49791101376721	9.77374201084689	10.019113767209	113
"114"	"Incorrect"	1.79720771526002	3.85481455669224	6.07495070332481	9.12026830775789	9.32549153878943	2.09051321398124	2.35212478687127	3.73149268968457	4.22737615089514	6.11911694373402	7.41908495311168	7.87742248508099	9.72644835890878	10.1146594416027	11.009890601023	0.530150191815857	0.550893158567775	5.05483531543052	5.49815713981245	10.3399786231884	10.3242850383632	113
"115"	"Correct"	0.48186858001265	4.42502757748261	6.83220842820999	7.57130762175838	7.03517936432638	0.547532764073371	1.17211788425047	3.47890945604048	3.69831179633144	5.2193415085389	5.84766560721063	5.3383841714105	6.13993516761543	5.19126230234029	6.81802522137887	0.397704822896901	0.963559234661607	7.01140177103099	7.10269259962049	6.6213185483871	7.86470518659076	114
"116"	"Incorrect"	-1.89658725490196	1.81610413943355	4.03682494553377	4.32539215686274	4.63060348583878	-1.02645119825708	0.287605174291939	1.90570354030501	2.49931323529412	3.31471427015251	4.25351252723312	3.89812118736383	4.55672064270153	3.95661225490196	4.21372320261438	-1.72243687363834	-1.43215359477124	4.0507674291939	4.41977494553377	4.46421938997821	4.65375789760349	114
"117"	"Correct"	4.30496861643534	8.44735204890945	11.0860655871337	11.1497457259308	9.48398096497026	1.9376090548579	4.46750803040317	6.47651327384887	8.3772483035911	9.66992144745539	10.454444150694	9.38429166115885	10.2858702687817	7.07559841374752	8.98276107072042	5.75519039435999	6.08408881912315	11.4705219872219	10.8133899206874	7.84209596827495	8.97288528310201	115
"118"	"Incorrect"	-0.766180112044818	3.5637025210084	6.22125910364146	6.76801596638655	8.69966274509804	-3.12053305322129	-0.701490196078431	1.825	2.71355826330532	4.3954162464986	5.1693862745098	5.20274145658263	5.91551456582633	3.87206246498599	4.6650487394958	0.589690196078431	2.28967198879552	8.4361243697479	6.84165238095238	5.17421652661064	5.97786554621849	115
"119"	"Correct"	2.42917016574586	5.04615628859279	8.69110382407107	12.9002507095656	13.4794262051782	2.70460870978226	4.2158631892536	5.4599148521287	7.3635454771964	8.68623538078215	9.94180526486838	11.4634417506229	11.7994703174087	12.5458088072798	12.6160466688333	1.88663257501896	2.39792401689958	8.10842365940852	8.13726183512079	12.0528120571986	11.3835348824613	116
"120"	"Incorrect"	-2.56966151960784	0.0742259803921569	2.88809509803922	7.28588308823529	8.65771691176471	-0.571538725490196	1.99265343137255	1.63391102941176	5.59110931372549	5.66017328431373	6.46123774509804	6.99868014705882	7.48533382352941	7.34706078431373	7.65793651960784	-4.33566789215686	-1.80333333333333	3.78200808823529	3.89226421568627	7.702225	7.16812990196078	116
